64 42 5 56 48 66 34 7 36 60 40 29 52 58 #UTIL: 600584
64 3 5 56 48 66 34 7 36 60 40 29 52 58 #UTIL: 605577
64 3 5 56 48 66 34 7 60 40 29 52 58 #UTIL: 603668
64 3 5 48 66 34 7 36 60 40 29 52 58 #UTIL: 600247
64 3 56 48 66 34 7 36 60 40 29 52 58 #UTIL: 601890
64 5 56 48 66 34 62 7 36 60 40 29 52 #UTIL: 602129
64 5 56 48 66 34 62 7 36 60 40 29 52 58 #UTIL: 612481
64 5 56 48 66 34 62 7 60 40 29 52 58 #UTIL: 609670
64 5 56 48 66 34 62 36 60 40 29 52 58 #UTIL: 606594
64 5 56 48 66 34 62 60 40 29 52 58 #UTIL: 602830
64 5 56 48 66 34 7 36 60 40 29 52 #UTIL: 610030
64 5 56 48 66 34 7 36 60 40 29 52 58 #UTIL: 620491
64 5 56 48 66 34 7 60 40 29 52 #UTIL: 606627
64 5 56 48 66 34 7 60 40 29 52 58 #UTIL: 617202
64 5 56 48 66 34 36 60 40 29 52 #UTIL: 602252
64 5 56 48 66 34 36 60 40 29 52 58 #UTIL: 613214
64 5 56 48 66 34 60 40 29 52 58 #UTIL: 608972
64 5 48 66 34 7 36 60 40 29 52 #UTIL: 600929
64 5 48 66 34 7 36 60 40 29 52 58 #UTIL: 612045
64 5 48 66 34 7 60 40 29 52 58 #UTIL: 607596
64 5 48 66 34 36 60 40 29 52 58 #UTIL: 604742
64 56 48 66 34 62 7 36 60 40 29 52 58 #UTIL: 606976
64 56 48 66 34 62 7 60 40 29 52 58 #UTIL: 603371
64 56 48 66 34 7 36 60 40 29 52 #UTIL: 604778
64 56 48 66 34 7 36 60 40 29 52 58 #UTIL: 615742
64 56 48 66 34 7 60 40 29 52 #UTIL: 600531
64 56 48 66 34 7 60 40 29 52 58 #UTIL: 611609
64 56 48 66 34 36 60 40 29 52 58 #UTIL: 606797
64 56 48 66 34 60 40 29 52 58 #UTIL: 601704
64 48 66 34 7 36 60 40 29 52 58 #UTIL: 603335
42 5 56 48 66 34 62 7 36 60 40 29 52 58 #UTIL: 602499
42 5 56 48 66 34 7 36 60 40 29 52 58 #UTIL: 609965
42 5 56 48 66 34 7 60 40 29 52 58 #UTIL: 606600
42 56 48 66 34 7 36 60 40 29 52 58 #UTIL: 603505
3 25 5 56 48 66 34 62 7 36 60 40 29 52 58 #UTIL: 604043
3 25 5 56 48 66 34 62 7 60 40 29 52 58 #UTIL: 600404
3 25 5 56 48 66 34 7 36 60 40 29 52 58 #UTIL: 607737
3 25 5 56 48 66 34 7 60 40 29 52 58 #UTIL: 603727
3 25 56 48 66 34 62 7 36 60 40 29 52 58 #UTIL: 603528
3 25 56 48 66 34 7 36 60 40 29 52 58 #UTIL: 608430
3 25 56 48 66 34 7 60 40 29 52 58 #UTIL: 603565
3 9 5 56 48 66 34 62 7 36 60 40 29 52 #UTIL: 609905
3 9 5 56 48 66 34 62 7 36 60 40 29 52 58 #UTIL: 620097
3 9 5 56 48 66 34 62 7 60 40 29 52 #UTIL: 608600
3 9 5 56 48 66 34 62 7 60 40 29 52 58 #UTIL: 618925
3 9 5 56 48 66 34 62 36 60 40 29 52 #UTIL: 600454
3 9 5 56 48 66 34 62 36 60 40 29 52 58 #UTIL: 611058
3 9 5 56 48 66 34 62 60 40 29 52 58 #UTIL: 608961
3 9 5 56 48 66 34 7 36 60 40 29 52 #UTIL: 615680
3 9 5 56 48 66 34 7 36 60 40 29 52 58 #UTIL: 626145
3 9 5 56 48 66 34 7 60 40 29 52 #UTIL: 613938
3 9 5 56 48 66 34 7 60 40 29 52 58 #UTIL: 624536
3 9 5 56 48 66 34 36 60 40 29 52 #UTIL: 605075
3 9 5 56 48 66 34 36 60 40 29 52 58 #UTIL: 615952
3 9 5 56 48 66 34 60 40 29 52 #UTIL: 602408
3 9 5 56 48 66 34 60 40 29 52 58 #UTIL: 613418
3 9 5 56 48 34 7 36 60 40 29 52 58 #UTIL: 602100
3 9 5 48 66 34 62 7 36 60 40 29 52 58 #UTIL: 600017
3 9 5 48 66 34 7 36 60 40 29 52 #UTIL: 601498
3 9 5 48 66 34 7 36 60 40 29 52 58 #UTIL: 612480
3 9 5 48 66 34 7 60 40 29 52 58 #UTIL: 609793
3 9 56 48 66 34 62 7 36 60 40 29 52 #UTIL: 608230
3 9 56 48 66 34 62 7 36 60 40 29 52 58 #UTIL: 618947
3 9 56 48 66 34 62 7 60 40 29 52 #UTIL: 606005
3 9 56 48 66 34 62 7 60 40 29 52 58 #UTIL: 616855
3 9 56 48 66 34 62 36 60 40 29 52 58 #UTIL: 608167
3 9 56 48 66 34 62 60 40 29 52 58 #UTIL: 605146
3 9 56 48 66 34 7 36 60 40 29 52 #UTIL: 614923
3 9 56 48 66 34 7 36 60 40 29 52 58 #UTIL: 625964
3 9 56 48 66 34 7 60 40 29 52 #UTIL: 612217
3 9 56 48 66 34 7 60 40 29 52 58 #UTIL: 623391
3 9 56 48 66 34 36 60 40 29 52 #UTIL: 602385
3 9 56 48 66 34 36 60 40 29 52 58 #UTIL: 613861
3 9 56 48 66 34 60 40 29 52 58 #UTIL: 610359
3 9 56 48 34 7 36 60 40 29 52 58 #UTIL: 601763
3 9 48 66 34 7 36 60 40 29 52 58 #UTIL: 609072
3 9 48 66 34 7 60 40 29 52 58 #UTIL: 605407
3 5 56 48 66 34 62 7 36 60 40 29 52 #UTIL: 649847
3 5 56 48 66 34 62 7 36 60 40 29 52 58 #UTIL: 661060
3 5 56 48 66 34 62 7 36 60 40 52 #UTIL: 603851
3 5 56 48 66 34 62 7 36 60 40 52 58 #UTIL: 615064
3 5 56 48 66 34 62 7 36 40 29 52 #UTIL: 604919
3 5 56 48 66 34 62 7 36 40 29 52 58 #UTIL: 616132
3 5 56 48 66 34 62 7 60 40 29 52 #UTIL: 647155
3 5 56 48 66 34 62 7 60 40 29 52 58 #UTIL: 658501
3 5 56 48 66 34 62 7 60 40 52 #UTIL: 600479
3 5 56 48 66 34 62 7 60 40 52 58 #UTIL: 611825
3 5 56 48 66 34 62 7 40 29 52 #UTIL: 601599
3 5 56 48 66 34 62 7 40 29 52 58 #UTIL: 612945
3 5 56 48 66 34 62 36 60 40 29 52 #UTIL: 636611
3 5 56 48 66 34 62 36 60 40 29 52 58 #UTIL: 648241
3 5 56 48 66 34 62 36 60 40 52 58 #UTIL: 600729
3 5 56 48 66 34 62 36 40 29 52 58 #UTIL: 601657
3 5 56 48 66 34 62 60 40 29 52 #UTIL: 632993
3 5 56 48 66 34 62 60 40 29 52 58 #UTIL: 644756
3 5 56 48 66 34 7 36 60 40 29 52 #UTIL: 654321
3 5 56 48 66 34 7 36 60 40 29 52 58 #UTIL: 665810
3 5 56 48 66 34 7 36 60 40 52 #UTIL: 607261
3 5 56 48 66 34 7 36 60 40 52 58 #UTIL: 618750
3 5 56 48 66 34 7 36 40 29 52 #UTIL: 608473
3 5 56 48 66 34 7 36 40 29 52 58 #UTIL: 619962
3 5 56 48 66 34 7 60 40 29 52 #UTIL: 651185
3 5 56 48 66 34 7 60 40 29 52 58 #UTIL: 662807
3 5 56 48 66 34 7 60 40 52 #UTIL: 603445
3 5 56 48 66 34 7 60 40 52 58 #UTIL: 615067
3 5 56 48 66 34 7 40 29 52 #UTIL: 604709
3 5 56 48 66 34 7 40 29 52 58 #UTIL: 616331
3 5 56 48 66 34 36 60 40 29 52 #UTIL: 639913
3 5 56 48 66 34 36 60 40 29 52 58 #UTIL: 651819
3 5 56 48 66 34 36 60 40 52 58 #UTIL: 603243
3 5 56 48 66 34 36 40 29 52 58 #UTIL: 604315
3 5 56 48 66 34 60 40 29 52 #UTIL: 635851
3 5 56 48 66 34 60 40 29 52 58 #UTIL: 647890
3 5 56 48 66 62 7 36 60 40 29 52 58 #UTIL: 608415
3 5 56 48 66 62 7 60 40 29 52 58 #UTIL: 604627
3 5 56 48 66 7 36 60 40 29 52 58 #UTIL: 611654
3 5 56 48 66 7 60 40 29 52 58 #UTIL: 607415
3 5 56 48 34 62 7 36 60 40 29 52 #UTIL: 622512
3 5 56 48 34 62 7 36 60 40 29 52 58 #UTIL: 634023
3 5 56 48 34 62 7 60 40 29 52 #UTIL: 618988
3 5 56 48 34 62 7 60 40 29 52 58 #UTIL: 630632
3 5 56 48 34 62 36 60 40 29 52 #UTIL: 607062
3 5 56 48 34 62 36 60 40 29 52 58 #UTIL: 619000
3 5 56 48 34 62 60 40 29 52 #UTIL: 602611
3 5 56 48 34 62 60 40 29 52 58 #UTIL: 614682
3 5 56 48 34 7 36 60 40 29 52 #UTIL: 625860
3 5 56 48 34 7 36 60 40 29 52 58 #UTIL: 637649
3 5 56 48 34 7 60 40 29 52 #UTIL: 621884
3 5 56 48 34 7 60 40 29 52 58 #UTIL: 633806
3 5 56 48 34 36 60 40 29 52 #UTIL: 609206
3 5 56 48 34 36 60 40 29 52 58 #UTIL: 621422
3 5 56 48 34 60 40 29 52 #UTIL: 604303
3 5 56 48 34 60 40 29 52 58 #UTIL: 616652
3 5 56 66 34 62 7 36 60 40 29 52 58 #UTIL: 603202
3 5 56 66 34 62 7 60 40 29 52 #UTIL: 605822
3 5 56 66 34 62 7 60 40 29 52 58 #UTIL: 617933
3 5 56 66 34 7 36 60 40 29 52 58 #UTIL: 605618
3 5 56 66 34 7 60 40 29 52 #UTIL: 607139
3 5 56 66 34 7 60 40 29 52 58 #UTIL: 619526
3 5 48 66 34 62 7 36 60 40 29 52 #UTIL: 628772
3 5 48 66 34 62 7 36 60 40 29 52 58 #UTIL: 640450
3 5 48 66 34 62 7 60 40 29 52 #UTIL: 625064
3 5 48 66 34 62 7 60 40 29 52 58 #UTIL: 636875
3 5 48 66 34 62 36 60 40 29 52 #UTIL: 612720
3 5 48 66 34 62 36 60 40 29 52 58 #UTIL: 624815
3 5 48 66 34 62 60 40 29 52 #UTIL: 608086
3 5 48 66 34 62 60 40 29 52 58 #UTIL: 620314
3 5 48 66 34 7 36 60 40 29 52 #UTIL: 641346
3 5 48 66 34 7 36 60 40 29 52 58 #UTIL: 653472
3 5 48 66 34 7 36 60 40 52 58 #UTIL: 604040
3 5 48 66 34 7 36 40 29 52 58 #UTIL: 605016
3 5 48 66 34 7 60 40 29 52 #UTIL: 637009
3 5 48 66 34 7 60 40 29 52 58 #UTIL: 649268
3 5 48 66 34 7 40 29 52 58 #UTIL: 600184
3 5 48 66 34 36 60 40 29 52 #UTIL: 623633
3 5 48 66 34 36 60 40 29 52 58 #UTIL: 636176
3 5 48 66 34 60 40 29 52 #UTIL: 618370
3 5 48 66 34 60 40 29 52 58 #UTIL: 631046
3 5 48 34 62 7 36 60 40 29 52 58 #UTIL: 610537
3 5 48 34 62 7 60 40 29 52 58 #UTIL: 606130
3 5 48 34 7 36 60 40 29 52 #UTIL: 609117
3 5 48 34 7 36 60 40 29 52 58 #UTIL: 621543
3 5 48 34 7 60 40 29 52 #UTIL: 603940
3 5 48 34 7 60 40 29 52 58 #UTIL: 616499
3 5 48 34 36 60 40 29 52 58 #UTIL: 601983
3 56 48 66 34 62 7 36 60 40 29 52 #UTIL: 647676
3 56 48 66 34 62 7 36 60 40 29 52 58 #UTIL: 659478
3 56 48 66 34 62 7 36 60 40 52 58 #UTIL: 611094
3 56 48 66 34 62 7 36 40 29 52 #UTIL: 600476
3 56 48 66 34 62 7 36 40 29 52 58 #UTIL: 612278
3 56 48 66 34 62 7 60 40 29 52 #UTIL: 644012
3 56 48 66 34 62 7 60 40 29 52 58 #UTIL: 655947
3 56 48 66 34 62 7 60 40 52 58 #UTIL: 606883
3 56 48 66 34 62 7 40 29 52 58 #UTIL: 608119
3 56 48 66 34 62 36 60 40 29 52 #UTIL: 632403
3 56 48 66 34 62 36 60 40 29 52 58 #UTIL: 644645
3 56 48 66 34 62 60 40 29 52 #UTIL: 627809
3 56 48 66 34 62 60 40 29 52 58 #UTIL: 640184
3 56 48 66 34 7 36 60 40 29 52 #UTIL: 653126
3 56 48 66 34 7 36 60 40 29 52 58 #UTIL: 665257
3 56 48 66 34 7 36 60 40 52 #UTIL: 603458
3 56 48 66 34 7 36 60 40 52 58 #UTIL: 615589
3 56 48 66 34 7 36 40 29 52 #UTIL: 604850
3 56 48 66 34 7 36 40 29 52 58 #UTIL: 616981
3 56 48 66 34 7 60 40 29 52 #UTIL: 648966
3 56 48 66 34 7 60 40 29 52 58 #UTIL: 661230
3 56 48 66 34 7 60 40 52 58 #UTIL: 610882
3 56 48 66 34 7 40 29 52 #UTIL: 600062
3 56 48 66 34 7 40 29 52 58 #UTIL: 612326
3 56 48 66 34 36 60 40 29 52 #UTIL: 636488
3 56 48 66 34 36 60 40 29 52 58 #UTIL: 649059
3 56 48 66 34 60 40 29 52 #UTIL: 631398
3 56 48 66 34 60 40 29 52 58 #UTIL: 644102
3 56 48 66 62 7 36 60 40 29 52 #UTIL: 602220
3 56 48 66 62 7 36 60 40 29 52 58 #UTIL: 614513
3 56 48 66 62 7 60 40 29 52 58 #UTIL: 609525
3 56 48 66 7 36 60 40 29 52 #UTIL: 606724
3 56 48 66 7 36 60 40 29 52 58 #UTIL: 619373
3 56 48 66 7 60 40 29 52 #UTIL: 601085
3 56 48 66 7 60 40 29 52 58 #UTIL: 613867
3 56 48 34 62 7 36 60 40 29 52 #UTIL: 620199
3 56 48 34 62 7 36 60 40 29 52 58 #UTIL: 632375
3 56 48 34 62 7 60 40 29 52 #UTIL: 615636
3 56 48 34 62 7 60 40 29 52 58 #UTIL: 627945
3 56 48 34 62 36 60 40 29 52 #UTIL: 602406
3 56 48 34 62 36 60 40 29 52 58 #UTIL: 615032
3 56 48 34 62 60 40 29 52 58 #UTIL: 609671
3 56 48 34 7 36 60 40 29 52 #UTIL: 624222
3 56 48 34 7 36 60 40 29 52 58 #UTIL: 636729
3 56 48 34 7 60 40 29 52 #UTIL: 619155
3 56 48 34 7 60 40 29 52 58 #UTIL: 631795
3 56 48 34 36 60 40 29 52 #UTIL: 605032
3 56 48 34 36 60 40 29 52 58 #UTIL: 617989
3 56 48 34 60 40 29 52 58 #UTIL: 612124
3 56 66 34 62 7 60 40 29 52 58 #UTIL: 609117
3 56 66 34 7 60 40 29 52 58 #UTIL: 611393
3 48 66 34 62 7 36 60 40 29 52 #UTIL: 622797
3 48 66 34 62 7 36 60 40 29 52 58 #UTIL: 635064
3 48 66 34 62 7 60 40 29 52 #UTIL: 618117
3 48 66 34 62 7 60 40 29 52 58 #UTIL: 630517
3 48 66 34 62 36 60 40 29 52 #UTIL: 604668
3 48 66 34 62 36 60 40 29 52 58 #UTIL: 617375
3 48 66 34 62 60 40 29 52 58 #UTIL: 611898
3 48 66 34 7 36 60 40 29 52 #UTIL: 636396
3 48 66 34 7 36 60 40 29 52 58 #UTIL: 649183
3 48 66 34 7 60 40 29 52 #UTIL: 631017
3 48 66 34 7 60 40 29 52 58 #UTIL: 643937
3 48 66 34 36 60 40 29 52 #UTIL: 616347
3 48 66 34 36 60 40 29 52 58 #UTIL: 629574
3 48 66 34 60 40 29 52 #UTIL: 610038
3 48 66 34 60 40 29 52 58 #UTIL: 623398
3 48 66 7 36 60 40 29 52 58 #UTIL: 600337
3 48 34 62 7 36 60 40 29 52 58 #UTIL: 604821
3 48 34 7 36 60 40 29 52 #UTIL: 603400
3 48 34 7 36 60 40 29 52 58 #UTIL: 616563
3 48 34 7 60 40 29 52 58 #UTIL: 610410
25 5 56 48 66 34 62 7 36 60 40 29 52 #UTIL: 615461
25 5 56 48 66 34 62 7 36 60 40 29 52 58 #UTIL: 626603
25 5 56 48 66 34 62 7 60 40 29 52 #UTIL: 610309
25 5 56 48 66 34 62 7 60 40 29 52 58 #UTIL: 621557
25 5 56 48 66 34 62 36 60 40 29 52 #UTIL: 605868
25 5 56 48 66 34 62 36 60 40 29 52 58 #UTIL: 617504
25 5 56 48 66 34 62 60 40 29 52 58 #UTIL: 611592
25 5 56 48 66 34 7 36 60 40 29 52 #UTIL: 621192
25 5 56 48 66 34 7 36 60 40 29 52 58 #UTIL: 632465
25 5 56 48 66 34 7 60 40 29 52 #UTIL: 615570
25 5 56 48 66 34 7 60 40 29 52 58 #UTIL: 626951
25 5 56 48 66 34 36 60 40 29 52 #UTIL: 610220
25 5 56 48 66 34 36 60 40 29 52 58 #UTIL: 622005
25 5 56 48 66 34 60 40 29 52 #UTIL: 603732
25 5 56 48 66 34 60 40 29 52 58 #UTIL: 615625
25 5 56 48 34 62 7 36 60 40 29 52 58 #UTIL: 601696
25 5 56 48 34 7 36 60 40 29 52 58 #UTIL: 607140
25 5 56 48 34 7 60 40 29 52 58 #UTIL: 600839
25 5 48 66 34 62 7 36 60 40 29 52 58 #UTIL: 608418
25 5 48 66 34 62 7 60 40 29 52 58 #UTIL: 602413
25 5 48 66 34 62 36 60 40 29 52 58 #UTIL: 600387
25 5 48 66 34 7 36 60 40 29 52 #UTIL: 608850
25 5 48 66 34 7 36 60 40 29 52 58 #UTIL: 620854
25 5 48 66 34 7 60 40 29 52 #UTIL: 602110
25 5 48 66 34 7 60 40 29 52 58 #UTIL: 614222
25 5 48 66 34 36 60 40 29 52 58 #UTIL: 610951
25 5 48 66 34 60 40 29 52 58 #UTIL: 603379
25 56 48 66 34 62 7 36 60 40 29 52 #UTIL: 612048
25 56 48 66 34 62 7 36 60 40 29 52 58 #UTIL: 623767
25 56 48 66 34 62 7 60 40 29 52 #UTIL: 606043
25 56 48 66 34 62 7 60 40 29 52 58 #UTIL: 617868
25 56 48 66 34 62 36 60 40 29 52 #UTIL: 600481
25 56 48 66 34 62 36 60 40 29 52 58 #UTIL: 612725
25 56 48 66 34 62 60 40 29 52 58 #UTIL: 605953
25 56 48 66 34 7 36 60 40 29 52 #UTIL: 618834
25 56 48 66 34 7 36 60 40 29 52 58 #UTIL: 630763
25 56 48 66 34 7 60 40 29 52 #UTIL: 612302
25 56 48 66 34 7 60 40 29 52 58 #UTIL: 624339
25 56 48 66 34 36 60 40 29 52 #UTIL: 605679
25 56 48 66 34 36 60 40 29 52 58 #UTIL: 618151
25 56 48 66 34 60 40 29 52 58 #UTIL: 610854
25 56 48 34 7 36 60 40 29 52 58 #UTIL: 605684
25 48 66 34 62 7 36 60 40 29 52 58 #UTIL: 601572
25 48 66 34 7 36 60 40 29 52 #UTIL: 602518
25 48 66 34 7 36 60 40 29 52 58 #UTIL: 615197
25 48 66 34 7 60 40 29 52 58 #UTIL: 607637
25 48 66 34 36 60 40 29 52 58 #UTIL: 602708
9 5 56 48 66 34 62 7 36 60 40 29 52 #UTIL: 626288
9 5 56 48 66 34 62 7 36 60 40 29 52 58 #UTIL: 637467
9 5 56 48 66 34 62 7 60 40 29 52 #UTIL: 623498
9 5 56 48 66 34 62 7 60 40 29 52 58 #UTIL: 634810
9 5 56 48 66 34 62 36 60 40 29 52 #UTIL: 617080
9 5 56 48 66 34 62 36 60 40 29 52 58 #UTIL: 628748
9 5 56 48 66 34 62 60 40 29 52 #UTIL: 613287
9 5 56 48 66 34 62 60 40 29 52 58 #UTIL: 625088
9 5 56 48 66 34 7 36 60 40 29 52 #UTIL: 634638
9 5 56 48 66 34 7 36 60 40 29 52 58 #UTIL: 645993
9 5 56 48 66 34 7 36 40 29 52 58 #UTIL: 600337
9 5 56 48 66 34 7 60 40 29 52 #UTIL: 631302
9 5 56 48 66 34 7 60 40 29 52 58 #UTIL: 642792
9 5 56 48 66 34 36 60 40 29 52 #UTIL: 623931
9 5 56 48 66 34 36 60 40 29 52 58 #UTIL: 635793
9 5 56 48 66 34 60 40 29 52 #UTIL: 619592
9 5 56 48 66 34 60 40 29 52 58 #UTIL: 631589
9 5 56 48 34 62 7 36 60 40 29 52 #UTIL: 600985
9 5 56 48 34 62 7 36 60 40 29 52 58 #UTIL: 612528
9 5 56 48 34 62 7 60 40 29 52 58 #UTIL: 608960
9 5 56 48 34 62 36 60 40 29 52 58 #UTIL: 600974
9 5 56 48 34 7 36 60 40 29 52 #UTIL: 608720
9 5 56 48 34 7 36 60 40 29 52 58 #UTIL: 620481
9 5 56 48 34 7 60 40 29 52 #UTIL: 604451
9 5 56 48 34 7 60 40 29 52 58 #UTIL: 616347
9 5 56 48 34 36 60 40 29 52 58 #UTIL: 607363
9 5 56 48 34 60 40 29 52 58 #UTIL: 602225
9 5 56 66 34 7 60 40 29 52 58 #UTIL: 600081
9 5 48 66 34 62 7 36 60 40 29 52 #UTIL: 601038
9 5 48 66 34 62 7 36 60 40 29 52 58 #UTIL: 612614
9 5 48 66 34 62 7 60 40 29 52 58 #UTIL: 609001
9 5 48 66 34 62 36 60 40 29 52 58 #UTIL: 605347
9 5 48 66 34 62 60 40 29 52 58 #UTIL: 600657
9 5 48 66 34 7 36 60 40 29 52 #UTIL: 614849
9 5 48 66 34 7 36 60 40 29 52 58 #UTIL: 626753
9 5 48 66 34 7 60 40 29 52 #UTIL: 610418
9 5 48 66 34 7 60 40 29 52 58 #UTIL: 622457
9 5 48 66 34 36 60 40 29 52 #UTIL: 605052
9 5 48 66 34 36 60 40 29 52 58 #UTIL: 617554
9 5 48 66 34 60 40 29 52 58 #UTIL: 612181
9 56 48 66 34 62 7 36 60 40 29 52 #UTIL: 621424
9 56 48 66 34 62 7 36 60 40 29 52 58 #UTIL: 633145
9 56 48 66 34 62 7 60 40 29 52 #UTIL: 617688
9 56 48 66 34 62 7 60 40 29 52 58 #UTIL: 629542
9 56 48 66 34 62 36 60 40 29 52 #UTIL: 610364
9 56 48 66 34 62 36 60 40 29 52 58 #UTIL: 622605
9 56 48 66 34 62 60 40 29 52 #UTIL: 605618
9 56 48 66 34 62 60 40 29 52 58 #UTIL: 617992
9 56 48 66 34 7 36 60 40 29 52 #UTIL: 630642
9 56 48 66 34 7 36 60 40 29 52 58 #UTIL: 642616
9 56 48 66 34 7 60 40 29 52 #UTIL: 626311
9 56 48 66 34 7 60 40 29 52 58 #UTIL: 638420
9 56 48 66 34 36 60 40 29 52 #UTIL: 617898
9 56 48 66 34 36 60 40 29 52 58 #UTIL: 630410
9 56 48 66 34 60 40 29 52 #UTIL: 612557
9 56 48 66 34 60 40 29 52 58 #UTIL: 625204
9 56 48 34 62 7 36 60 40 29 52 58 #UTIL: 608628
9 56 48 34 62 7 60 40 29 52 58 #UTIL: 604038
9 56 48 34 7 36 60 40 29 52 #UTIL: 604924
9 56 48 34 7 36 60 40 29 52 58 #UTIL: 617412
9 56 48 34 7 60 40 29 52 58 #UTIL: 612206
9 56 48 34 36 60 40 29 52 58 #UTIL: 601883
9 48 66 34 62 7 36 60 40 29 52 58 #UTIL: 604882
9 48 66 34 62 7 60 40 29 52 58 #UTIL: 600323
9 48 66 34 7 36 60 40 29 52 #UTIL: 607359
9 48 66 34 7 36 60 40 29 52 58 #UTIL: 619895
9 48 66 34 7 60 40 29 52 #UTIL: 601919
9 48 66 34 7 60 40 29 52 58 #UTIL: 614590
9 48 66 34 36 60 40 29 52 58 #UTIL: 608283
9 48 66 34 60 40 29 52 58 #UTIL: 601894
5 56 48 66 34 62 7 36 60 40 29 52 #UTIL: 666474
5 56 48 66 34 62 7 36 60 40 29 52 58 #UTIL: 678809
5 56 48 66 34 62 7 36 60 40 29 58 #UTIL: 606781
5 56 48 66 34 62 7 36 60 40 52 #UTIL: 616358
5 56 48 66 34 62 7 36 60 40 52 58 #UTIL: 628697
5 56 48 66 34 62 7 36 40 29 52 #UTIL: 617246
5 56 48 66 34 62 7 36 40 29 52 58 #UTIL: 629581
5 56 48 66 34 62 7 60 40 29 52 #UTIL: 662173
5 56 48 66 34 62 7 60 40 29 52 58 #UTIL: 674641
5 56 48 66 34 62 7 60 40 29 58 #UTIL: 601714
5 56 48 66 34 62 7 60 40 52 #UTIL: 611369
5 56 48 66 34 62 7 60 40 52 58 #UTIL: 623841
5 56 48 66 34 62 7 40 29 52 #UTIL: 612317
5 56 48 66 34 62 7 40 29 52 58 #UTIL: 624785
5 56 48 66 34 62 36 60 40 29 52 #UTIL: 652934
5 56 48 66 34 62 36 60 40 29 52 58 #UTIL: 665763
5 56 48 66 34 62 36 60 40 52 #UTIL: 601532
5 56 48 66 34 62 36 60 40 52 58 #UTIL: 614381
5 56 48 66 34 62 36 40 29 52 #UTIL: 601594
5 56 48 66 34 62 36 40 29 52 58 #UTIL: 614423
5 56 48 66 34 62 60 40 29 52 #UTIL: 647629
5 56 48 66 34 62 60 40 29 52 58 #UTIL: 660591
5 56 48 66 34 62 60 40 52 58 #UTIL: 608504
5 56 48 66 34 62 40 29 52 58 #UTIL: 608623
5 56 48 66 34 7 36 60 40 29 52 #UTIL: 673193
5 56 48 66 34 7 36 60 40 29 52 58 #UTIL: 685719
5 56 48 66 34 7 36 60 40 29 58 #UTIL: 611439
5 56 48 66 34 7 36 60 40 52 #UTIL: 621620
5 56 48 66 34 7 36 60 40 52 58 #UTIL: 634166
5 56 48 66 34 7 36 40 29 52 #UTIL: 622689
5 56 48 66 34 7 36 40 29 52 58 #UTIL: 635227
5 56 48 66 34 7 60 40 29 52 #UTIL: 668339
5 56 48 66 34 7 60 40 29 52 58 #UTIL: 681000
5 56 48 66 34 7 60 40 29 58 #UTIL: 605821
5 56 48 66 34 7 60 40 52 #UTIL: 616078
5 56 48 66 34 7 60 40 52 58 #UTIL: 628759
5 56 48 66 34 7 40 29 52 #UTIL: 617207
5 56 48 66 34 7 40 29 52 58 #UTIL: 629880
5 56 48 66 34 36 60 40 29 52 #UTIL: 658136
5 56 48 66 34 36 60 40 29 52 58 #UTIL: 671174
5 56 48 66 34 36 60 40 52 #UTIL: 605270
5 56 48 66 34 36 60 40 52 58 #UTIL: 618344
5 56 48 66 34 36 40 29 52 #UTIL: 605520
5 56 48 66 34 36 40 29 52 58 #UTIL: 618570
5 56 48 66 34 60 40 29 52 #UTIL: 652278
5 56 48 66 34 60 40 29 52 58 #UTIL: 665451
5 56 48 66 34 60 40 52 58 #UTIL: 611916
5 56 48 66 34 40 29 52 58 #UTIL: 612219
5 56 48 66 62 7 36 60 40 29 52 #UTIL: 607889
5 56 48 66 62 7 36 60 40 29 52 58 #UTIL: 620549
5 56 48 66 62 7 60 40 29 52 #UTIL: 602328
5 56 48 66 62 7 60 40 29 52 58 #UTIL: 615121
5 56 48 66 62 36 60 40 29 52 58 #UTIL: 604429
5 56 48 66 7 36 60 40 29 52 #UTIL: 612456
5 56 48 66 7 36 60 40 29 52 58 #UTIL: 625316
5 56 48 66 7 60 40 29 52 #UTIL: 606335
5 56 48 66 7 60 40 29 52 58 #UTIL: 619330
5 56 48 66 36 60 40 29 52 58 #UTIL: 607652
5 56 48 66 60 40 29 52 58 #UTIL: 600647
5 56 48 34 62 7 36 60 40 29 52 #UTIL: 636407
5 56 48 34 62 7 36 60 40 29 52 58 #UTIL: 649110
5 56 48 34 62 7 36 40 29 52 58 #UTIL: 603974
5 56 48 34 62 7 60 40 29 52 #UTIL: 631186
5 56 48 34 62 7 60 40 29 52 58 #UTIL: 644022
5 56 48 34 62 36 60 40 29 52 #UTIL: 619991
5 56 48 34 62 36 60 40 29 52 58 #UTIL: 633198
5 56 48 34 62 60 40 29 52 #UTIL: 613765
5 56 48 34 62 60 40 29 52 58 #UTIL: 627105
5 56 48 34 7 36 60 40 29 52 #UTIL: 642435
5 56 48 34 7 36 60 40 29 52 58 #UTIL: 655371
5 56 48 34 7 36 60 40 52 58 #UTIL: 602130
5 56 48 34 7 36 40 29 52 58 #UTIL: 608737
5 56 48 34 7 60 40 29 52 #UTIL: 636639
5 56 48 34 7 60 40 29 52 58 #UTIL: 649710
5 56 48 34 7 40 29 52 58 #UTIL: 602327
5 56 48 34 36 60 40 29 52 #UTIL: 624419
5 56 48 34 36 60 40 29 52 58 #UTIL: 637877
5 56 48 34 60 40 29 52 #UTIL: 617618
5 56 48 34 60 40 29 52 58 #UTIL: 631211
5 56 66 34 62 7 36 60 40 29 52 58 #UTIL: 612687
5 56 66 34 62 7 60 40 29 52 #UTIL: 612008
5 56 66 34 62 7 60 40 29 52 58 #UTIL: 625271
5 56 66 34 62 60 40 29 52 58 #UTIL: 605459
5 56 66 34 7 36 60 40 29 52 #UTIL: 603704
5 56 66 34 7 36 60 40 29 52 58 #UTIL: 616672
5 56 66 34 7 60 40 29 52 #UTIL: 614838
5 56 66 34 7 60 40 29 52 58 #UTIL: 628301
5 56 66 34 60 40 29 52 58 #UTIL: 606990
5 48 66 34 62 7 36 60 40 29 52 #UTIL: 644826
5 48 66 34 62 7 36 60 40 29 52 58 #UTIL: 657753
5 48 66 34 62 7 36 60 40 52 58 #UTIL: 605389
5 48 66 34 62 7 36 40 29 52 58 #UTIL: 606201
5 48 66 34 62 7 60 40 29 52 #UTIL: 639387
5 48 66 34 62 7 60 40 29 52 58 #UTIL: 652447
5 48 66 34 62 7 40 29 52 58 #UTIL: 600267
5 48 66 34 62 36 60 40 29 52 #UTIL: 632016
5 48 66 34 62 36 60 40 29 52 58 #UTIL: 645528
5 48 66 34 62 60 40 29 52 #UTIL: 625499
5 48 66 34 62 60 40 29 52 58 #UTIL: 639144
5 48 66 34 7 36 60 40 29 52 #UTIL: 658621
5 48 66 34 7 36 60 40 29 52 58 #UTIL: 671927
5 48 66 34 7 36 60 40 52 #UTIL: 604156
5 48 66 34 7 36 60 40 52 58 #UTIL: 617482
5 48 66 34 7 36 40 29 52 #UTIL: 605037
5 48 66 34 7 36 40 29 52 58 #UTIL: 618355
5 48 66 34 7 60 40 29 52 #UTIL: 652444
5 48 66 34 7 60 40 29 52 58 #UTIL: 665885
5 48 66 34 7 60 40 52 58 #UTIL: 610752
5 48 66 34 7 40 29 52 58 #UTIL: 611685
5 48 66 34 36 60 40 29 52 #UTIL: 643717
5 48 66 34 36 60 40 29 52 58 #UTIL: 657626
5 48 66 34 36 60 40 52 58 #UTIL: 601592
5 48 66 34 36 40 29 52 58 #UTIL: 601550
5 48 66 34 60 40 29 52 #UTIL: 636462
5 48 66 34 60 40 29 52 58 #UTIL: 650506
5 48 66 7 36 60 40 29 52 58 #UTIL: 607959
5 48 66 7 60 40 29 52 58 #UTIL: 600613
5 48 34 62 7 36 60 40 29 52 #UTIL: 611051
5 48 34 62 7 36 60 40 29 52 58 #UTIL: 624346
5 48 34 62 7 60 40 29 52 #UTIL: 604692
5 48 34 62 7 60 40 29 52 58 #UTIL: 618120
5 48 34 62 36 60 40 29 52 58 #UTIL: 608911
5 48 34 62 60 40 29 52 58 #UTIL: 601606
5 48 34 7 36 60 40 29 52 #UTIL: 623179
5 48 34 7 36 60 40 29 52 58 #UTIL: 636895
5 48 34 7 60 40 29 52 #UTIL: 616060
5 48 34 7 60 40 29 52 58 #UTIL: 629911
5 48 34 36 60 40 29 52 #UTIL: 604972
5 48 34 36 60 40 29 52 58 #UTIL: 619301
5 48 34 60 40 29 52 58 #UTIL: 611238
5 66 34 7 60 40 29 52 58 #UTIL: 604224
56 48 66 34 62 7 36 60 40 29 52 #UTIL: 661611
56 48 66 34 62 7 36 60 40 29 52 58 #UTIL: 674579
56 48 66 34 62 7 36 60 40 52 #UTIL: 608799
56 48 66 34 62 7 36 60 40 52 58 #UTIL: 621771
56 48 66 34 62 7 36 40 29 52 #UTIL: 609919
56 48 66 34 62 7 36 40 29 52 58 #UTIL: 622887
56 48 66 34 62 7 60 40 29 52 #UTIL: 656288
56 48 66 34 62 7 60 40 29 52 58 #UTIL: 669389
56 48 66 34 62 7 60 40 52 #UTIL: 602788
56 48 66 34 62 7 60 40 52 58 #UTIL: 615893
56 48 66 34 62 7 40 29 52 #UTIL: 603968
56 48 66 34 62 7 40 29 52 58 #UTIL: 617069
56 48 66 34 62 36 60 40 29 52 #UTIL: 645882
56 48 66 34 62 36 60 40 29 52 58 #UTIL: 659375
56 48 66 34 62 36 60 40 52 58 #UTIL: 605172
56 48 66 34 62 36 40 29 52 58 #UTIL: 605479
56 48 66 34 62 60 40 29 52 #UTIL: 639548
56 48 66 34 62 60 40 29 52 58 #UTIL: 653174
56 48 66 34 7 36 60 40 29 52 #UTIL: 669187
56 48 66 34 7 36 60 40 29 52 58 #UTIL: 682425
56 48 66 34 7 36 60 40 29 58 #UTIL: 603771
56 48 66 34 7 36 60 40 52 #UTIL: 614666
56 48 66 34 7 36 60 40 52 58 #UTIL: 627924
56 48 66 34 7 36 40 29 52 #UTIL: 616027
56 48 66 34 7 36 40 29 52 58 #UTIL: 629277
56 48 66 34 7 60 40 29 52 #UTIL: 663254
56 48 66 34 7 60 40 29 52 58 #UTIL: 676627
56 48 66 34 7 60 40 52 #UTIL: 608045
56 48 66 34 7 60 40 52 58 #UTIL: 621438
56 48 66 34 7 40 29 52 #UTIL: 609466
56 48 66 34 7 40 29 52 58 #UTIL: 622851
56 48 66 34 36 60 40 29 52 #UTIL: 651732
56 48 66 34 36 60 40 29 52 58 #UTIL: 665513
56 48 66 34 36 60 40 52 58 #UTIL: 609610
56 48 66 34 36 40 29 52 58 #UTIL: 610161
56 48 66 34 60 40 29 52 #UTIL: 644788
56 48 66 34 60 40 29 52 58 #UTIL: 658704
56 48 66 34 60 40 52 58 #UTIL: 602096
56 48 66 34 40 29 52 58 #UTIL: 602724
56 48 66 62 7 36 60 40 29 52 #UTIL: 609079
56 48 66 62 7 36 60 40 29 52 58 #UTIL: 622593
56 48 66 62 7 60 40 29 52 #UTIL: 602268
56 48 66 62 7 60 40 29 52 58 #UTIL: 615915
56 48 66 62 36 60 40 29 52 58 #UTIL: 603487
56 48 66 7 36 60 40 29 52 #UTIL: 614971
56 48 66 7 36 60 40 29 52 58 #UTIL: 628788
56 48 66 7 60 40 29 52 #UTIL: 607528
56 48 66 7 60 40 29 52 58 #UTIL: 621480
56 48 66 36 60 40 29 52 58 #UTIL: 607845
56 48 34 62 7 36 60 40 29 52 #UTIL: 631570
56 48 34 62 7 36 60 40 29 52 58 #UTIL: 645010
56 48 34 62 7 60 40 29 52 #UTIL: 625244
56 48 34 62 7 60 40 29 52 58 #UTIL: 638817
56 48 34 62 36 60 40 29 52 #UTIL: 612566
56 48 34 62 36 60 40 29 52 58 #UTIL: 626541
56 48 34 62 60 40 29 52 #UTIL: 605228
56 48 34 62 60 40 29 52 58 #UTIL: 619336
56 48 34 7 36 60 40 29 52 #UTIL: 638284
56 48 34 7 36 60 40 29 52 58 #UTIL: 652044
56 48 34 7 36 40 29 52 58 #UTIL: 601930
56 48 34 7 60 40 29 52 #UTIL: 631325
56 48 34 7 60 40 29 52 58 #UTIL: 645220
56 48 34 36 60 40 29 52 #UTIL: 617453
56 48 34 36 60 40 29 52 58 #UTIL: 631766
56 48 34 60 40 29 52 #UTIL: 609482
56 48 34 60 40 29 52 58 #UTIL: 623930
56 66 34 62 7 36 60 40 29 52 58 #UTIL: 602884
56 66 34 62 7 60 40 29 52 58 #UTIL: 613261
56 66 34 7 36 60 40 29 52 58 #UTIL: 607462
56 66 34 7 60 40 29 52 #UTIL: 602652
56 66 34 7 60 40 29 52 58 #UTIL: 616827
48 66 34 62 7 36 60 40 29 52 #UTIL: 635599
48 66 34 62 7 36 60 40 29 52 58 #UTIL: 649159
48 66 34 62 7 60 40 29 52 #UTIL: 629138
48 66 34 62 7 60 40 29 52 58 #UTIL: 642831
48 66 34 62 36 60 40 29 52 #UTIL: 620232
48 66 34 62 36 60 40 29 52 58 #UTIL: 634408
48 66 34 62 60 40 29 52 #UTIL: 612686
48 66 34 62 60 40 29 52 58 #UTIL: 626995
48 66 34 7 36 60 40 29 52 #UTIL: 650220
48 66 34 7 36 60 40 29 52 58 #UTIL: 664257
48 66 34 7 36 60 40 52 58 #UTIL: 606820
48 66 34 7 36 40 29 52 58 #UTIL: 607953
48 66 34 7 60 40 29 52 #UTIL: 642946
48 66 34 7 60 40 29 52 58 #UTIL: 657118
48 66 34 7 40 29 52 58 #UTIL: 600186
48 66 34 36 60 40 29 52 #UTIL: 632484
48 66 34 36 60 40 29 52 58 #UTIL: 647155
48 66 34 60 40 29 52 #UTIL: 624125
48 66 34 60 40 29 52 58 #UTIL: 638931
48 66 7 36 60 40 29 52 58 #UTIL: 606606
48 34 62 7 36 60 40 29 52 #UTIL: 601542
48 34 62 7 36 60 40 29 52 58 #UTIL: 615574
48 34 62 7 60 40 29 52 58 #UTIL: 608243
48 34 7 36 60 40 29 52 #UTIL: 614237
48 34 7 36 60 40 29 52 58 #UTIL: 628796
48 34 7 60 40 29 52 #UTIL: 605937
48 34 7 60 40 29 52 58 #UTIL: 620631
48 34 36 60 40 29 52 58 #UTIL: 607984
